Final model with Reg: 0.01
Coefficients: [-0.03966131665172995,0.04322636430396026,0.06679912044725893,1.9425969802421064,4.602639738550288,-1.3424298367865426,-2.284682001093498,0.12086278441098419,-0.2720431872245295,-0.007467034926246945,0.09222582635467055]
Intercept: 15.585051181237086
numIterations: 101
Iteration Summary History: List(0.4999999999999991, 0.39308542780047995, 0.1402419594843073, 0.13796285630669425, 0.1284262444894912, 0.12470248304336659, 0.12256291652616103, 0.12172419951588051, 0.11918976944577342, 0.11748008481281005, 0.11430215577569022, 0.11391745180424807, 0.11353223707587347, 0.11319109285605247, 0.11280414131930455, 0.11254430354165076, 0.11210661117066961, 0.111966968068454, 0.11150517304182792, 0.11133345554933051, 0.11077853585010318, 0.11042434352337198, 0.1093848834912533, 0.10845235119756755, 0.10821955779703754, 0.10758540394946442, 0.10712806773992382, 0.10680376591286754, 0.10636978843110279, 0.10608338422947268, 0.10566056420882505, 0.1053586037951332, 0.10494089773410126, 0.10442931852237002, 0.10249881753226871, 0.10222278409291673, 0.10167396447771639, 0.10119406780133444, 0.10081361583344566, 0.10008875082086292, 0.09999528933253309, 0.09927915697290704, 0.09893939870004874, 0.09753354087025601, 0.09680769925328361, 0.09533020030616376, 0.09520203332332194, 0.09501921936987529, 0.09489870271398744, 0.09473626554595649, 0.09462516228582728, 0.09447887153115349, 0.09437978593136902, 0.09422038674412873, 0.0941362740745588, 0.09394562206073892, 0.09386739724118184, 0.09367848658712447, 0.09354648636848527, 0.09339334625314276, 0.093217679190766, 0.09305133283893197, 0.09290572756449815, 0.0928185827648641, 0.0926699890997389, 0.09254927318678524, 0.09244180324342585, 0.09234674778391976, 0.09226159359028378, 0.09215123027742393, 0.09209293759645462, 0.09197074132948826, 0.091922080242273, 0.09180133060377715, 0.09170423869140375, 0.09162477486072887, 0.09150361935995686, 0.09126901176620683, 0.09123150936367887, 0.09102090325094132, 0.0908893408593002, 0.0905343321657745, 0.09051183631643728, 0.09040120240875925, 0.09035656658649534, 0.09024673667165785, 0.09023312769283245, 0.09013240879277445, 0.09010777059725852, 0.09003455775377034, 0.09001643389471523, 0.08994588575177079, 0.08990838287831204, 0.08986387508095708, 0.08982385642738323, 0.08971510996724638, 0.08968202896258141, 0.08957334490958854, 0.08949828109837782, 0.08930956284552916, 0.08929464681534292)
RMSE: 2.066688608025589
r2: 0.8378278957129919
Evaluation on Test set is RMSE:  2.871 MSE:  8.244
